1111111111111111111111111111111111111111111111111111111111111111111111111111111111111111111111111
1111111111111111111111111111111111111111111111111111111111111111111111111111111111111111111111111
1100000000000000000000000000000000000000000000011100000000000000000000000000000000000000000000011
1100000000000000000000000000000000000000000000011100000000000000000000000000000000000000000000011
1100000000000000000000000000000000000000000000011100000000000000000000000000000000000000000000011
1100000000000000000000000000000000000000000000000000000000000000000000000000000000000000000000011
1100000000000000011111000000000000000000000000000000000000000000000000000001111100000000000000011
1100000000000000000000000000000000000000000000000000000000000000000000000000000000000000000000011
1100000000000000000000000000000000011111000000000000000001111100000000000000000000000000000000011
1100000000000000000000000000000000010000000000000000000000000100000000000000000000000000000000011
1100000000000000000000000000000000010000000000000000000000000100000000000000000000000000000000011
1100000000000001111000000000000000000000000000000000000000000000000000000000001111000000000000011
1100000000000000001000000000000000000000000000000000000000000000000000000000001000000000000000011
1100000000000000001000000000000000000000000000000000000000000000000000000000001000000000000000011
1100000000000000001000000000000000000000000000000000000000000000000000000000001000000000000000011
1100000000000000001000000000000000000000000000000000000000000000000000000000001000000000000000011
1100000000000000001000000000000000000000000000000000000000000000000000000000001000000000000000011
1100000000000000001000000000000000000000000000000000000000000000000000000000001000000000000000011
1100000000000001111000000000000000000000000000000000000000000000000000000000001111000000000000011
1100000000000000000000000000000000010000000000000000000000000100000000000000000000000000000000011
1100000000000000000000000000000000010000000000000000000000000100000000000000000000000000000000011
1100000000000000000000000000000000011111000000000000000001111100000000000000000000000000000000011
1100000000000000000000000000000000000000000000000000000000000000000000000000000000000000000000011
1100000000000000011111000000000000000000000000000000000000000000000000000001111100000000000000011
1100000000000000000000000000000000000000000000000000000000000000000000000000000000000000000000011
1100000000000000000000000000000000000000000000011100000000000000000000000000000000000000000000011
1100000000000000000000000000000000000000000000011100000000000000000000000000000000000000000000011
1100000000000000000000000000000000000000000000011100000000000000000000000000000000000000000000011
1111111111111111111111111111111111111111111111111111111111111111111111111111111111111111111111111
1111111111111111111111111111111111111111111111111111111111111111111111111111111111111111111111111