1111111111111111111111111111111111111111111111111111111111111111111111111111111111111111111111111
1111111111111111111111111111111111111111111111111111111111111111111111111111111111111111111111111
1100000000000000000000000000000000000000000000000000000000000000000000000000000000000000000000011
1100000000000000000000000000000000000000000000000000000000000000000000000000000000000000000000011
1100000000000000000000000000000000000000000000111100000000000000000000000000000000000000000000011
1100000000000000111111111110000000000000000000111100000000000000000000000111111111110000000000011
1100000000000000000001000000000000000000000000111100000000000000000000000001000000000000000000011
1100000000000000000001000000000000000000000000000000000000000000000000000001000000000000000000011
1100000000000000000011100000000000001000000000000000000000010000000000000111110000000000000000011
1100000000000000000000000000000000001000000000000000000000010000000000000000000000000000000000011
1100000000000000000000000000000000001000000000000000000000010000000000000000000000000000000000011
1100000000000000000000000000000000001000000000000000000000010000000000000000000000000000000000011
1100000000000000000000100000000000001000000000000000000000010000000000000010000000000000000000011
1100000000000000000000100000000000000000000000000000000000000000000000000010000000000000000000011
1100000000000000000000100000000000000000000000111100000000000000000000000010000000000000000000011
1100000000000000000000100000000000000000000000111100000000000000000000000010000000000000000000011
1100000000000000000000100000000000000000000000000000000000000000000000000010000000000000000000011
1100000000000000000000100000000000001000000000000000000000010000000000000010000000000000000000011
1100000000000000000000000000000000001000000000000000000000010000000000000000000000000000000000011
1100000000000000000000000000000000001000000000000000000000010000000000000000000000000000000000011
1100000000001000000000000000000000001000000000000000000000010000000000000000000000001000000000011
1100000000000100000000000000000000001000000000000000000000010000000000000000000000010000000000011
1100000000000010000000000000000000000000000000000000000000000000000000000000000000100000000000011
1100000000000001000000000000000000000000000000011100000000000000000000000000000001000000000000011
1100000000000000100000000000000000000000000000011100000000000000000000000000000010000000000000011
1100000000000000000000000000000000000000000000011100000000000000000000000000000000000000000000011
1100000000000000000000000000000000000000000000000000000000000000000000000000000000000000000000011
1100000000000000000000000000000000000000000000000000000000000000000000000000000000000000000000011
1111111111111111111111111111111111111111111111111111111111111111111111111111111111111111111111111
1111111111111111111111111111111111111111111111111111111111111111111111111111111111111111111111111