1111111111111111111111111111111111111111111111111111111111111111111111111111111111111111111111111
1111111111111111111111111111111111111111111111111111111111111111111111111111111111111111111111111
1100000000000000000000000000000000000000000000000000000000000000000000000000000000000000000000011
1100000000000000000000000000000000000000000000000000000000000000000000000000000000000000000000011
1100000000000000000000000000000000000000000000011100000000000000000000000000000000000000000000011
1100000000000000000000000000000000000000000000011100000000000000000000000000000000000000000000011
1100000000000000000000000000000000000000000000011100000000000000000000000000000000000000000000011
1100000000000000000000000000000000000000000000011100000000000000000000000000000000000000000000011
1100000000000000000000000000000000000000000000000000000000000000000000000000000000000000000000011
1100000000000000000000000000000000000000000000000000000000000000000000000000000000000000000000011
1100000000000000000000000000000000000000000000000000000000000000000000000000000000000000000000011
1100000000000011110000000000000000000000000000000000000000000000000000000000000111100000000000011
1100000000000000010000000000000000000000000000000000000000000000000000000000000100000000000000011
1100000000000000010000000000000000000000000000000000000000000000000000000000000100000000000000011
1100000000000000010000000001111111100000000000000000000000000011111111000000000100000000000000011
1100000000000000010000000001111111100000000000000000000000000011111111000000000100000000000000011
1100000000000000010000000000000000000000000000000000000000000000000000000000000100000000000000011
1100000000000000010000000000000000000000000000000000000000000000000000000000000100000000000000011
1100000000000011110000000000000000000000000000000000000000000000000000000000000111100000000000011
1100000000000000000000000000000000000000000000000000000000000000000000000000000000000000000000011
1100000000000000000000000000000000000000000000000000000000000000000000000000000000000000000000011
1100000000000000000000000000000000000000000000000000000000000000000000000000000000000000000000011
1100000000000000000000000000000000000000000000011100000000000000000000000000000000000000000000011
1100000000000000000000000000000000000000000000011100000000000000000000000000000000000000000000011
1100000000000000000000000000000000000000000000011100000000000000000000000000000000000000000000011
1100000000000000000000000000000000000000000000011100000000000000000000000000000000000000000000011
1100000000000000000000000000000000000000000000000000000000000000000000000000000000000000000000011
1100000000000000000000000000000000000000000000000000000000000000000000000000000000000000000000011
1111111111111111111111111111111111111111111111111111111111111111111111111111111111111111111111111
1111111111111111111111111111111111111111111111111111111111111111111111111111111111111111111111111